784000 784000
Allocating Layers : . . . . ✅
Layer Weights : 
	0 x 0
	128 x 784
	128 x 128
	10 x 128
--------------------------------------------------------
Allocating layers
--------------------------------------------------------
0 0 0 0 0 0 0 0 0 1
0) 3 : 9

0 0 0 0 0 0 0 0 0 1
4) 4 : 9

0 0 0 0 0 0 0 0 0 1
13) 1 : 9

0 0 0 0 0 0 0 0 0 1
14) 4 : 9

0 0 0 0 0 0 0 0 0 1
18) 7 : 9

0 0 0 0 0 0 0 0 0 1
31) 5 : 9

0 0 0 0 0 0 0 0 0 1
32) 3 : 9

0 0 0 0 0 0 0 0 0 1
38) 8 : 9

0 0 0 0 0 0 0 0 0 1
42) 7 : 9

0 0 0 0 0 0 0 0 0 1
69) 4 : 9

0 0 0 0 0 0 0 0 0 1
78) 3 : 9

0 0 0 0 0 0 0 0 0 1
79) 2 : 9

0 0 0 0 0 0 0 0 0 1
91) 7 : 9

0 0 0 0 0 0 0 0 0 1
95) 1 : 9

0 0 0 0 0 0 0 0 1 0
101) 5 : 8

0 0 0 0 0 0 0 0 1 0
103) 3 : 8

0 0 0 0 0 0 0 0 1 0
112) 5 : 8

0 0 0 0 0 0 0 0 1 0
117) 2 : 8

0 0 0 0 0 0 0 0 1 0
118) 1 : 8

0 0 0 0 0 0 0 0 1 0
119) 4 : 8

0 0 0 0 0 0 0 0 1 0
122) 9 : 8

0 0 0 0 0 0 0 0 1 0
124) 7 : 8

0 0 0 0 0 0 0 0 1 0
130) 5 : 8

0 0 0 0 0 0 0 0 1 0
132) 4 : 8

0 0 0 0 0 0 0 0 1 0
137) 5 : 8

0 0 0 0 0 0 0 0 1 0
138) 4 : 8

0 0 0 0 0 0 0 0 1 0
139) 3 : 8

0 0 0 0 0 0 0 0 1 0
140) 5 : 8

0 0 0 0 0 0 0 0 1 0
144) 4 : 8

0 0 0 0 0 0 0 0 1 0
152) 3 : 8

0 0 0 0 0 0 0 0 1 0
153) 2 : 8

0 0 0 0 0 0 0 0 1 0
154) 5 : 8

0 0 0 0 0 0 0 0 1 0
156) 3 : 8

0 0 0 0 0 0 0 0 1 0
157) 2 : 8

0 0 0 0 0 0 0 0 1 0
159) 4 : 8

0 0 0 0 0 0 0 0 1 0
165) 3 : 8

0 0 0 0 0 0 0 0 1 0
167) 2 : 8

0 0 0 0 0 0 0 0 1 0
168) 1 : 8

0 0 0 0 0 0 0 0 1 0
188) 5 : 8

0 0 0 0 0 0 0 0 1 0
195) 4 : 8

0 0 0 0 0 0 0 0 1 0
199) 4 : 8

0 1 0 0 0 0 0 0 0 0
220) 2 : 1

0 1 0 0 0 0 0 0 0 0
232) 2 : 1

0 1 0 0 0 0 0 0 0 0
233) 3 : 1

0 1 0 0 0 0 0 0 0 0
246) 4 : 1

0 1 0 0 0 0 0 0 0 0
289) 3 : 1

0 1 0 0 0 0 0 0 0 0
296) 4 : 1

0 0 0 0 0 0 1 0 0 0
314) 0 : 6

0 0 0 0 0 0 1 0 0 0
315) 0 : 6

0 0 0 0 0 0 1 0 0 0
317) 4 : 6

0 0 0 0 0 0 1 0 0 0
320) 0 : 6

0 0 0 0 0 0 1 0 0 0
321) 2 : 6

0 0 0 0 0 0 1 0 0 0
324) 0 : 6

0 0 0 0 0 0 1 0 0 0
328) 0 : 6

0 0 0 0 0 0 1 0 0 0
331) 5 : 6

0 0 0 0 0 0 1 0 0 0
338) 7 : 6

0 0 0 0 0 0 1 0 0 0
352) 5 : 6

0 0 0 0 0 0 1 0 0 0
354) 0 : 6

0 0 0 0 0 0 1 0 0 0
364) 5 : 6

0 0 0 0 0 0 1 0 0 0
372) 5 : 6

0 0 0 0 0 0 1 0 0 0
382) 9 : 6

0 0 0 0 0 0 1 0 0 0
397) 1 : 6

0 0 0 0 0 1 0 0 0 0
400) 3 : 5

0 0 0 0 0 1 0 0 0 0
401) 3 : 5

0 0 0 0 0 1 0 0 0 0
402) 9 : 5

0 0 0 0 0 1 0 0 0 0
403) 3 : 5

0 0 0 0 0 1 0 0 0 0
409) 3 : 5

0 0 0 0 0 1 0 0 0 0
410) 0 : 5

0 0 0 0 0 1 0 0 0 0
415) 3 : 5

0 0 0 0 0 1 0 0 0 0
416) 3 : 5

0 0 0 0 0 1 0 0 0 0
420) 0 : 5

0 0 0 0 0 1 0 0 0 0
434) 3 : 5

0 0 0 0 0 1 0 0 0 0
435) 8 : 5

0 0 0 0 0 1 0 0 0 0
438) 7 : 5

0 0 0 0 0 1 0 0 0 0
449) 0 : 5

0 0 0 0 0 1 0 0 0 0
460) 9 : 5

0 0 0 0 0 1 0 0 0 0
464) 0 : 5

0 0 0 0 0 1 0 0 0 0
467) 3 : 5

0 0 0 0 0 1 0 0 0 0
469) 3 : 5

0 0 0 0 0 1 0 0 0 0
475) 4 : 5

0 0 0 0 0 1 0 0 0 0
477) 8 : 5

0 0 0 0 0 1 0 0 0 0
482) 3 : 5

0 0 0 0 0 1 0 0 0 0
486) 3 : 5

0 0 0 0 0 1 0 0 0 0
490) 3 : 5

0 0 0 0 0 1 0 0 0 0
494) 3 : 5

0 0 0 1 0 0 0 0 0 0
501) 2 : 3

0 0 0 1 0 0 0 0 0 0
512) 6 : 3

0 0 0 1 0 0 0 0 0 0
523) 2 : 3

0 0 0 1 0 0 0 0 0 0
528) 5 : 3

0 0 0 1 0 0 0 0 0 0
533) 8 : 3

0 0 0 1 0 0 0 0 0 0
534) 5 : 3

0 0 0 1 0 0 0 0 0 0
545) 9 : 3

0 0 0 1 0 0 0 0 0 0
573) 8 : 3

0 0 0 1 0 0 0 0 0 0
574) 7 : 3

0 0 0 1 0 0 0 0 0 0
577) 8 : 3

0 0 0 1 0 0 0 0 0 0
578) 5 : 3

0 0 0 1 0 0 0 0 0 0
580) 7 : 3

0 0 1 0 0 0 0 0 0 0
602) 4 : 2

0 0 1 0 0 0 0 0 0 0
604) 9 : 2

0 0 1 0 0 0 0 0 0 0
612) 6 : 2

0 0 1 0 0 0 0 0 0 0
614) 7 : 2

0 0 1 0 0 0 0 0 0 0
627) 3 : 2

0 0 1 0 0 0 0 0 0 0
630) 4 : 2

0 0 1 0 0 0 0 0 0 0
632) 8 : 2

0 0 1 0 0 0 0 0 0 0
647) 4 : 2

0 0 1 0 0 0 0 0 0 0
649) 0 : 2

0 0 1 0 0 0 0 0 0 0
656) 8 : 2

0 0 1 0 0 0 0 0 0 0
661) 7 : 2

0 0 1 0 0 0 0 0 0 0
673) 9 : 2

0 0 1 0 0 0 0 0 0 0
674) 0 : 2

0 0 1 0 0 0 0 0 0 0
688) 9 : 2

0 0 1 0 0 0 0 0 0 0
691) 8 : 2

0 0 1 0 0 0 0 0 0 0
693) 4 : 2

0 0 0 0 1 0 0 0 0 0
700) 9 : 4

0 0 0 0 1 0 0 0 0 0
710) 7 : 4

0 0 0 0 1 0 0 0 0 0
711) 7 : 4

0 0 0 0 1 0 0 0 0 0
715) 9 : 4

0 0 0 0 1 0 0 0 0 0
732) 9 : 4

0 0 0 0 1 0 0 0 0 0
738) 9 : 4

0 0 0 0 1 0 0 0 0 0
742) 9 : 4

0 0 0 0 1 0 0 0 0 0
747) 9 : 4

0 0 0 0 1 0 0 0 0 0
752) 8 : 4

0 0 0 0 1 0 0 0 0 0
757) 9 : 4

0 0 0 0 1 0 0 0 0 0
762) 9 : 4

0 0 0 0 1 0 0 0 0 0
765) 9 : 4

0 0 0 0 1 0 0 0 0 0
767) 9 : 4

0 0 0 0 1 0 0 0 0 0
769) 9 : 4

0 0 0 0 1 0 0 0 0 0
781) 9 : 4

0 0 0 0 1 0 0 0 0 0
792) 9 : 4

0 0 0 0 1 0 0 0 0 0
799) 9 : 4

0 0 0 0 0 0 0 1 0 0
818) 2 : 7

0 0 0 0 0 0 0 1 0 0
829) 8 : 7

0 0 0 0 0 0 0 1 0 0
833) 4 : 7

0 0 0 0 0 0 0 1 0 0
839) 9 : 7

0 0 0 0 0 0 0 1 0 0
847) 4 : 7

0 0 0 0 0 0 0 1 0 0
864) 2 : 7

0 0 0 0 0 0 0 1 0 0
865) 9 : 7

0 0 0 0 0 0 0 1 0 0
879) 2 : 7

0 0 0 0 0 0 0 1 0 0
886) 9 : 7

0 0 0 0 0 0 0 1 0 0
889) 8 : 7

1 0 0 0 0 0 0 0 0 0
936) 6 : 0

1 0 0 0 0 0 0 0 0 0
965) 2 : 0

1 0 0 0 0 0 0 0 0 0
971) 5 : 0

1 0 0 0 0 0 0 0 0 0
981) 2 : 0

Total Accuracy :[1;40m 0.856 [0m
